0 395.321 723.917 556.38 56.1501
1 394.823 669.448 529.541 48.2492
2 385.214 634.123 509.276 44.4836
3 371.45 611.059 492.557 41.9054
4 365.602 591.852 479.416 40.221
5 352.845 585.184 468.838 40.6047
6 344.724 572.687 458.94 39.6567
7 336.967 569.73 450.549 39.8103
8 328.962 557.052 442.64 39.6998
9 324.166 550.555 435.246 39.807
10 319.919 547.993 428.76 39.835
11 309.847 545.756 423.54 39.6445
12 315.29 532.359 417.831 38.4445
13 304.752 525.179 413.23 38.8461
14 302.261 527.575 408.573 39.2957
15 295.321 519.535 404.054 38.9984
16 294.685 512.508 399.888 38.2831
17 292.165 512.135 396.394 38.3386
18 285.202 507.747 392.538 38.0882
19 279.631 506.404 388.586 38.4081
20 272.457 503.548 385.165 38.551
21 273.758 499.476 381.412 38.1956
22 271.808 493.341 377.842 38.1814
23 271.704 490.133 374.575 37.8069
24 270.308 483.84 370.781 37.7782
25 267.42 477.931 367.497 37.8578
26 263.205 479.692 363.667 37.8604
27 259.65 478.02 360.517 38.1482
28 253.183 466.856 357.287 37.7869
29 254.14 466.618 354.571 37.0755
30 249.773 467.845 351.569 36.9646
31 249.578 461.852 349.301 36.872
32 247.995 462.527 346.686 36.6654
33 250.63 457.619 344.756 36.7268
34 244.267 449.958 342.141 36.6204
35 238.879 456.983 340.281 36.6089
36 236.811 452.266 338.606 36.9373
37 234.707 446.841 335.975 36.6739
38 232.737 441.485 333.617 36.6476
39 226.208 451.936 331.401 37.1491
40 227.707 442.08 329.345 36.6927
41 230.46 438.859 327.061 36.3486
42 227.238 437.647 325.004 36.0961
43 222.422 436.061 324.051 36.8051
44 218.835 435.923 321.998 36.6068
45 217.734 433.812 320.26 36.6644
46 217.752 427.128 318.981 36.7931
47 215.345 427.77 317.525 36.6669
48 213.118 424.061 315.59 36.5637
49 211.243 424.743 313.643 36.8012
50 215.542 418.893 311.225 36.4486
51 209.281 417.072 310.045 36.2001
52 210.363 423.565 308.799 36.1291
53 208.154 420.767 307.657 36.2252
54 208.078 418.574 306.388 36.7498
55 207.991 419.861 305.161 36.412
56 205.926 415.783 303.772 36.2627
57 209.243 422.754 302.459 36.6934
58 207.947 409.873 301.38 36.2288
59 202.417 406.118 300.217 36.036
60 203.158 409.48 299.357 35.9273
61 201.861 409.603 298.079 35.5748
62 198.193 409.041 297.609 35.7098
63 201.353 408.476 297.007 36.5407
64 201.498 407.55 295.395 36.1837
65 199.561 402.562 295.096 36.047
66 198.589 408.054 294.164 35.7484
67 198.368 401.105 294.032 35.1629
68 201.159 400.353 293.319 35.561
69 195.118 405.629 292.29 35.7921
70 196.684 403.792 291.231 35.6563
71 195.61 407.334 290.198 35.9988
72 196.613 397.518 289.395 35.4675
73 195.969 392.844 288.907 35.6537
74 198.928 400.944 288.902 35.6498
75 196.303 399.749 288.846 35.5536
76 195.002 396.773 288.81 35.4997
77 194.131 399.239 288.957 35.8223
78 194.831 396.427 287.625 35.3895
79 192.934 390.554 287.67 35.7079
80 189.486 401.267 287.04 36.3493
81 188.557 399.319 286.086 36.2952
82 192.032 398.869 285.526 35.5437
83 191.203 401.784 285.088 35.5738
84 190.563 391.36 284.532 35.69
85 190.294 398.688 283.478 35.8435
86 188.377 388.999 282.951 35.3654
87 184.788 393.228 283.04 35.6565
88 185.764 400.31 282.906 36.1253
89 190.18 390.645 282.157 35.5178
90 186.837 391.796 281.593 36.1295
91 185.976 396.554 281.721 36.2575
92 181.817 391.926 281.122 36.0261
93 182.256 391.917 280.521 35.7458
94 188.298 393.84 280.532 35.7308
95 183.789 392.654 280.351 35.8357
96 185.343 391.698 279.67 35.5129
97 187.396 392.636 279.287 35.4356
98 187.764 386.392 279.1 35.2259
99 185.747 390.652 279.463 35.6665
100 186.269 388.294 279.447 35.234
101 186.102 389.597 279.272 35.2553
102 185.722 393.37 279.699 35.8409
103 185.183 387.743 279.68 35.9459
104 184.311 391.877 279.618 36.0982
105 183.54 385.723 279.592 35.7259
106 183.058 394.374 279.883 36.2662
107 182.878 390.436 279.451 35.9471
108 182.687 395.569 279.525 36.082
109 181.862 387.731 279.103 35.9133
110 181.84 386.869 278.711 36.2703
111 180.343 383.639 277.575 36.1811
112 181.875 391.795 277.279 36.3713
113 182.414 389.767 276.978 36.2842
114 176.526 388.767 276.74 36.0298
115 184.918 390.165 277.126 35.6451
116 180.205 392.344 276.597 36.1557
117 181.153 386.755 275.963 35.1584
118 180.283 387.075 275.534 35.6073
119 178.384 390.997 274.519 36.3124
120 179.151 392.87 274.23 36.9504
121 175.878 382.797 273.217 36.2193
122 173.282 384.882 272.916 35.7802
123 175.537 383.915 273.519 36.1773
124 176.081 377.843 272.723 35.5951
125 173.869 379.292 272.109 35.4602
126 177.509 386.177 272.587 35.6356
127 180.469 385.016 272.338 35.9246
128 175.248 382.791 272.191 35.579
129 174.921 383.887 272.311 35.6155
130 178.25 386.395 272.526 35.807
131 181.03 383.388 273.079 35.4292
132 178.329 380.455 272.727 35.8122
133 177.352 379.228 272.919 35.5596
134 181.493 381.555 273.325 35.542
135 177.01 386.233 273.221 35.9769
136 177.802 383.116 272.806 35.4926
137 175.368 385.251 273.31 35.8547
138 179.43 382.458 272.821 35.6469
139 178.081 385.617 272.927 36.0962
140 176.137 381.364 273.091 35.8248
141 174.636 387.776 273.232 36.08
142 173.492 386.457 272.532 36.1992
143 175.333 380.717 271.606 35.6977
144 176.356 382.327 272.735 35.6658
145 180.529 385.03 273.117 35.8189
146 179.994 381.776 273.236 35.8145
147 180.609 384.147 273.718 35.5956
148 177.351 383.999 273.459 35.8624
149 173.691 376.955 273.766 35.8939
150 179.369 384.014 273.677 35.6388
151 173.699 379.882 273.816 35.5033
152 173.862 384.001 274.204 35.8887
153 179.64 390.337 273.853 36.3142
154 178.329 385.293 273.713 35.957
155 182.037 380.727 273.157 35.9185
156 179.434 384.031 272.92 35.8059
157 179.87 379.946 273.496 35.4742
158 184.594 386.744 273.209 35.6027
159 180.772 384.082 273.218 35.3149
160 177.245 384.621 273.376 35.8253
161 179.015 388.525 272.843 36.1291
162 179.157 386.384 272.128 35.6781
163 174.944 376.856 272.167 35.5038
164 177.771 374.581 272.527 35.6997
165 178.265 380.787 272.595 35.7897
166 176.844 384.082 273.066 36.1653
167 179.456 382.215 272.919 35.908
168 174.943 386.864 272.763 35.678
169 176.967 385.623 273.362 35.7964
170 178.131 379.048 273.521 35.3486
171 180.182 379.678 274.038 35.2793
172 182.832 379.739 275.25 35.0516
173 180.831 380.628 275.417 35.3794
174 183.328 391.232 276.274 35.5349
175 181.387 380.77 276.238 35.7991
176 181.099 390.166 275.948 35.914
177 175.658 385.972 274.289 36.2985
178 173.755 383.55 274.721 35.8274
179 180.643 390.693 274.584 35.9139
180 180.79 385.328 274.198 35.8405
181 178.821 387.206 274.467 35.4539
182 184.702 387.965 274.703 35.2891
183 183.52 387.262 275.253 35.4222
184 180.671 388.482 275.892 35.2982
185 176.447 391.181 275.96 35.8514
186 178.781 387.852 276.072 36.0263
187 179.091 385.074 275.717 36.2792
188 178.799 380.951 275.148 35.5169
189 177.461 393.064 274.996 35.8729
190 179.346 385.08 275.168 35.9767
191 179.921 390.736 275.013 36.0222
192 180.072 379.898 274.215 35.3269
193 177.243 391.349 274.342 35.9939
194 176.888 377.151 273.618 35.0348
195 178.825 386.448 274.675 35.4503
196 178.697 378.043 274.689 35.4092
197 179.134 384.203 275.192 35.4268
198 180.527 383.088 274.876 35.8095
199 178.019 383.667 274.866 35.2529
200 179.446 386.405 275.255 36.0582
201 178.415 387.552 275.45 35.9884
202 182.312 389.081 275.423 35.6314
203 179.952 382.572 275.494 35.9523
204 178.114 387.957 275.001 36.0828
205 179.255 386.676 274.828 36.3758
206 178.651 384.24 274.592 36.1604
207 176.216 388.241 274.635 35.9202
208 178.663 379.875 274.168 35.2641
209 178.439 384.593 274.226 35.7459
210 178.107 387.022 273.944 35.7059
211 177.113 388.424 273.814 35.9859
212 178.075 386.471 273.83 36.1013
213 176.153 384.804 273.118 35.9168
214 174.352 382.879 273.143 36.1319
215 173.122 384.425 272.844 36.1953
216 178.331 386.644 272.015 36.1282
217 175.719 382.456 272.432 36.0566
218 176.847 382.325 272.441 35.9964
219 175.913 384.456 272.417 35.9437
220 175.829 379.26 271.8 35.4527
221 177.897 379.869 272.878 36.0829
222 180.443 387.624 273.803 35.6842
223 180.851 393.042 273.415 35.3824
224 180.295 382.484 273.547 35.4135
225 175.087 384.895 273.56 35.1223
226 177.496 390.212 273.093 35.7577
227 171.615 380.134 273.138 36.1688
228 174.197 383.387 272.051 36.3217
229 179.901 377.824 271.319 35.7775
230 179.315 376.462 270.74 35.9436
231 178.307 389.512 270.677 35.6709
232 175.776 374.967 270.873 35.1623
233 176.196 377.168 270.479 35.1666
234 174.044 376.4 270.82 35.3467
235 174.978 378.787 271.608 35.5749
236 175.199 377.238 271.628 35.8492
237 175.049 382.932 271.333 36.4882
238 174.228 384.233 270.87 36.348
239 173.05 382.801 270.188 36.3413
240 173.266 381.788 270.076 36.3089
241 172.654 383.56 269.938 36.304
242 173.375 386.555 269.858 35.7835
243 174.995 382.165 270.413 35.7291
244 174.739 378.712 269.994 34.9826
245 176.258 377.692 270.176 35.7169
246 178.02 380.557 270.439 35.3564
247 176.851 378.837 270.648 35.988
248 177.655 380.217 270.688 35.8934
249 174.979 381.9 271.215 35.8426
250 178.116 382.257 271.249 35.5007
251 178.274 378.522 271.517 35.424
252 176.465 384.499 271.037 35.8087
253 175.785 381.91 271.229 35.9553
254 175.59 388.032 270.819 36.2516
255 175.25 389.503 270.837 35.7658
256 177.132 383.24 270.859 35.3651
257 175.109 384.98 270.703 35.3286
258 176.687 385.405 271.173 36.1137
259 175.613 378.979 270.778 36.3009
260 178.262 378.879 270.649 35.4057
261 179.944 377.765 270.309 35.0327
262 175.57 378.814 270.53 35.4959
263 171.45 379.962 270.207 35.8708
264 175.304 381.825 270.123 36.0989
265 177.487 375.881 269.74 36.026
266 177.166 382.062 269.614 35.449
267 175.553 380.347 269.781 35.397
268 173.072 380.647 270.177 35.3127
269 178.562 382.931 270.637 35.5994
270 178.407 379.289 270.59 35.4595
271 175.708 388.34 270.458 35.8663
272 174.368 388.04 270.656 36.1908
273 175.839 386.321 271.073 36.2935
274 175.046 386.091 270.713 35.7719
275 176.883 380.672 270.614 35.1142
276 176.924 378.881 271.556 35.2018
277 174.477 387.39 271.535 35.5034
278 175.74 379.128 271.615 35.4696
279 177.023 382.272 272.431 35.8899
280 177.33 383.462 271.875 35.4787
281 173.819 383.754 271.748 35.8819
282 176.776 381.5 272.473 36.0202
283 175.482 383.114 272.068 35.9936
284 173.087 383.673 271.779 36.0991
285 173.474 382.832 271.402 35.9061
286 175.847 388.008 271.019 35.9721
287 170.395 387.629 270.943 36.6249
288 171.542 380.647 270.59 36.3726
289 176.45 383.784 269.881 36.3083
290 175.149 377.094 269.947 36.6856
291 171.593 381.038 270.13 36.2976
292 176.412 377.502 270.263 36.1948
293 174.682 383.127 269.65 36.0835
294 173.288 379.714 269.61 35.9611
295 172.099 377.571 268.636 35.9155
296 172.725 380.385 268.01 36.0748
297 172.156 380.927 268.439 36.287
298 173.609 378.427 268.183 36.3589
299 175.16 383.167 268.926 36.2763
300 175.64 383.87 268.656 36.3348
301 172.541 375.561 268.388 35.6856
302 173.813 380.107 268.67 35.8421
303 170.465 379.296 267.822 35.7111
304 171.631 379.38 267.88 35.6973
305 175.295 381.543 268.573 35.6898
306 176.178 379.631 268.838 35.1889
307 179.905 376.772 269.322 35.0538
308 179.928 380.636 269.799 35.1755
309 179.561 377.37 269.813 35.6216
310 171.667 383.27 269.752 36.0523
311 175.999 378.218 269.518 35.7166
312 177.71 381.006 269.546 35.2458
313 170.45 383.077 269.579 35.9815
314 170.965 384.25 268.95 36.129
315 170.211 386.629 269.493 36.2827
316 172.15 384.266 269.574 36.3886
317 174.332 380.769 269.296 35.6944
318 172.031 385.322 269.504 36.2179
319 172.986 384.206 269.247 36.1342
320 170.187 378.706 269.349 36.3786
321 170.311 376.165 269.011 36.4099
322 175.987 379.315 268.486 36.3805
323 171.418 378.786 267.987 36.2731
324 171.254 379.671 268.076 36.0862
325 172.712 381.889 267.765 36.1116
326 171.492 389.203 267.366 36.5993
327 174.733 377.45 266.772 35.5555
328 169.237 378.036 266.578 35.533
329 172.205 377.604 265.711 35.7192
330 170.5 381.728 266.199 35.9178
331 170.763 374.936 265.879 35.7544
332 171.865 376.574 266.546 35.5456
333 173.93 381.123 266.85 35.7746
334 169.253 374.226 266.562 35.6067
335 172.128 375.717 267.076 35.4289
336 170.52 375.624 267.052 35.2671
337 165.029 373.954 267.156 35.9003
338 165.335 379.781 267.081 36.0138
339 169.554 375.065 266.647 36.1694
340 173.727 377.642 266.661 36.1191
341 171.292 379.202 266.61 36.3854
342 171.103 380.847 266.007 36.3864
343 170.188 377.123 265.665 35.8547
344 171.085 378.389 266.056 36.0332
345 172.364 374.549 265.517 35.5504
346 173.344 376.784 265.664 35.6654
347 171.804 378.259 265.896 35.9368
348 171.847 372.992 265.291 35.4621
349 171.394 370.548 265.38 35.6362
350 170.341 375.043 264.781 35.784
351 170.64 373.385 264.425 35.5189
352 172.573 377.992 264.484 35.474
353 172.159 371.543 264.128 35.1634
354 171.684 378.203 264.272 35.3784
355 173.467 379.104 264.555 35.1562
356 172.118 374.484 265.722 35.5762
357 171.244 379.557 266.327 35.5985
358 170.289 374.286 265.786 35.3666
359 170.097 380.762 266.389 35.5328
360 169.349 382.643 267.224 35.4653
361 169.455 376.368 267.401 35.3926
362 170.429 377.898 268.154 35.8995
363 166.909 375.865 268.038 36.2126
364 168.156 372.824 267.075 36.0766
365 171.231 378.574 265.931 35.794
366 170.808 385.599 265.729 36.0477
367 168.996 377.211 265.595 36.0089
368 167.397 374.762 264.969 36.0629
369 169.695 376.875 263.818 36.244
370 170.501 376.418 263.115 35.2623
371 168.271 379.206 264.21 35.1862
372 169.982 377.443 264.331 35.6501
373 167.874 370.118 263.721 34.6867
374 171.609 378.5 263.522 35.3769
375 171.177 374.631 263.693 35.3755
376 168.836 376.093 264.053 35.467
377 170.616 375.467 264.536 35.6077
378 171.211 375.324 264.59 34.7959
379 172.091 371.197 265.128 35.0931
380 175.894 375.674 266.635 35.7157
381 175.172 376.964 266.707 35.8966
382 173.216 377.439 267.271 35.3232
383 169.643 378.093 267.413 35.7801
384 171.746 375.282 267.336 35.7439
385 167.648 381.452 267.862 36.0594
386 169.851 384.748 268.182 35.6114
387 176.375 378.95 268.148 35.7798
388 174.551 377.603 268.013 35.7043
389 173.346 383.013 267.589 35.7842
390 174.005 377.95 267.563 35.6095
391 174.319 379.506 268.276 35.7112
392 170.322 384.266 268.08 35.9974
393 172.198 379.589 268.249 35.8702
394 173.507 377.014 267.743 36.0817
395 170.988 385.006 267.554 35.8242
396 169.278 376.482 267.342 35.419
397 170.918 373.761 267.181 35.7444
398 172.534 381.251 266.859 35.8412
399 176.284 379.8 266.36 35.7969
400 175.554 381.503 267.232 36.3804
401 175.336 377.164 266.647 35.7209
402 169.933 381.396 266.651 35.4369
403 177.825 383.116 267.076 35.6386
404 173.507 383.736 267.119 36.1464
405 169.179 383.153 266.499 35.9622
406 168.172 372.3 266.881 36.0803
407 171.186 378.715 267.406 36.4209
408 169.664 376.589 266.799 35.8476
409 167.777 377.935 266.257 36.0008
410 167.244 375.729 266.122 35.913
411 168.281 385.341 266.145 36.3284
412 170.941 376.759 266.179 35.3622
413 169.887 376.7 266.783 35.5549
414 169.813 374.179 266.724 35.7565
415 170.117 382.579 267.021 35.5662
416 165.885 380.36 267.186 35.9637
417 167.368 377.891 267.294 36.4123
418 172.979 378.518 266.056 36.0016
419 170.108 375.994 266.577 35.8452
420 168.769 377.846 267.172 35.8482
421 169.824 387.035 267.343 36.0932
422 170.653 379.145 267.523 36.095
423 171.346 370.891 267.268 35.3673
424 170.658 383.397 268.155 35.7917
425 173.025 374.498 268.262 35.9634
426 172.268 380.188 268.147 36.357
427 171.407 385.296 267.604 36.1898
428 169.61 376.816 267.248 36.0424
429 170.338 374.847 267.595 35.6795
430 171.464 376.218 267.472 35.3379
431 172.03 376.19 268.353 36.0935
432 171.225 379.226 267.601 35.9414
433 174.988 376 267.947 35.3868
434 173.206 377.526 268.336 35.4343
435 170.537 379.598 268.652 35.9968
436 172.277 380.12 268.001 35.8484
437 168.966 378.81 267.05 35.5866
438 170.914 374.949 266.768 35.7436
439 172.797 377.056 266.937 35.7751
440 172.586 373.51 267.815 35.6455
441 176.055 380.244 267.369 36.3623
442 172.851 384.509 267.253 35.9025
443 170.286 379.04 266.899 35.3974
444 172.152 371.035 266.221 35.4877
445 168.456 370.021 265.89 35.5082
446 174.513 381.524 266.202 35.7698
447 169.405 376.658 265.245 35.5016
448 167.021 378.426 265.363 35.5307
449 171.003 386.099 264.828 35.3464
450 171.151 374.283 264.58 35.1343
451 171.066 378.087 265.206 35.9912
452 171.867 369.412 265.158 35.4291
453 171.396 376.488 265.094 35.9751
454 173.017 377.963 265.429 36.2708
455 174.499 376.336 264.538 35.5419
456 167.12 372.597 264.101 35.283
457 169.688 372.567 264.178 35.0064
458 169.367 369.284 264.367 35.2807
459 167.319 377.374 265.286 36.0838
460 168.447 374.749 265.503 35.8974
461 162.793 381.773 265.091 36.3734
462 169.376 379.351 264.971 35.6603
463 168.489 373.873 264.702 35.7967
464 171.598 375.382 264.923 36.1219
465 170.997 379.784 264.664 36.1497
466 167.584 376.633 264.967 36.0966
467 166.296 376.761 264.5 36.0595
468 167.059 380.417 264.089 35.951
469 169.712 378.452 264.626 35.4193
470 173.567 370.018 264.957 35.3024
471 174.434 376.192 265.008 35.3912
472 171.842 376.753 265.884 35.2241
473 173.07 374.811 266.706 35.7231
474 170.877 375.402 267.138 35.6903
475 171.581 380.762 267.559 36.5827
476 172.516 377.949 267.444 36.3357
477 172.386 380.919 266.861 35.9268
478 175.227 384.801 266.97 35.7452
479 175.122 377.229 267.012 35.4272
480 175.086 376.678 267.648 36.151
481 171.84 376.867 267.17 35.6226
482 170.847 370.211 267.722 35.438
483 173.707 382.517 268.074 35.6593
484 170.006 380.094 268.216 36.0978
485 172.414 374.303 267.959 36.0094
486 171.985 386.108 268.869 36.3695
487 175.119 377.987 268.773 35.8095
488 176.388 383.734 269.308 35.9371
489 174.636 380.227 269.407 35.8759
490 172.583 377.647 269.288 35.383
491 173.107 379.613 268.819 36.0732
492 171.747 381.003 268.805 35.7421
493 174.635 377.748 269.232 35.3791
494 176.252 377.417 269.741 35.3014
495 177.738 380.49 270.686 35.6382
496 178.167 385.07 270.903 36.6069
497 175.595 381.587 270.449 35.6536
498 177.047 381.907 270.779 35.8553
499 171.172 381.916 270.666 35.9111
500 170.025 372.553 270.242 35.7753
501 172.476 380.787 270.267 36.2898
502 169.504 378.647 269.62 36.1111
503 169.271 377.36 269.81 35.7966
504 174.166 383.537 269.401 35.9464
505 172.363 385.64 269.531 36.1569
506 172.06 372.1 268.859 35.3049
507 173.489 378.542 268.829 35.4
508 175.039 374.677 269.313 35.1165
509 174.624 383.407 270.143 35.3562
510 172.734 374.24 270.402 35.5542
511 177.212 383.08 270.651 35.792
512 173.27 379.852 270.394 35.7103
513 175.27 380.487 270.703 35.9523
514 171.925 381.151 270.904 35.5322
515 178.322 384.39 270.994 35.6403
516 178.614 380.814 270.332 35.4667
517 174.121 381.285 269.763 36.0012
518 174.866 380.209 270.351 35.8629
519 176.723 386.435 270.816 35.9977
520 174.877 378.135 271.056 35.797
521 170.592 384.086 271.103 35.8495
522 176.137 380.131 271.443 35.6307
523 174.769 383.968 271.695 35.848
524 176.843 383.2 271.109 35.7955
525 175.481 387.395 271.036 35.8551
526 174.277 380.453 270.652 35.8952
527 173.726 376.314 269.943 35.4733
528 172.833 380.948 270.368 35.6657
529 176.371 377.806 270.093 35.7101
530 172.526 380.211 270.412 35.8962
531 175.354 383.747 270.358 36.0695
532 173.289 387.226 270.086 36.3877
533 174.174 381.316 270.664 35.8817
534 171.762 388.041 269.914 36.3379
535 175.073 379.023 269.048 36.2186
536 171.245 372.313 268.288 36.1676
537 168.339 376.979 267.84 36.2824
538 168.737 381.611 267.689 36.1418
539 170.712 378.885 267.543 36.159
540 167.72 377.303 266.728 36.0414
541 166.674 375.823 266.917 36.3749
542 166.605 373.15 266.507 35.9591
543 166.264 371.614 266.155 36.1845
544 167.731 373.976 265.707 35.7823
545 168.865 374.984 264.813 35.7179
546 165.014 379.171 264.302 35.7951
547 166.618 374.362 264.43 35.9102
548 162.87 376.523 264.223 35.7946
549 166.593 374.626 264.418 36.1948
550 168.681 370.085 264.025 36.0875
551 164.161 381.92 263.405 36.4964
552 164.736 377.215 263.352 36.4275
553 166.118 375.496 262.817 36.5859
554 167.03 380.375 262.923 35.9541
555 167.018 368.992 262.402 35.7717
556 167.579 372.921 262.905 35.5524
557 165.26 367.105 263.052 35.6411
558 164.603 379.378 263.146 36.3344
559 171.003 374.498 262.261 35.2666
560 169.148 375.929 262.961 35.5891
561 167.535 375.225 263.342 35.9452
562 171.572 371.915 263.47 35.5265
563 169.779 374.738 264.025 35.7354
564 170.693 376.267 264.574 35.6952
565 170.091 372.064 264.923 35.5722
566 169.495 380.29 264.937 36.6923
567 165.559 378.794 265.119 36.8303
568 167.775 377.258 265.278 36.076
569 170.826 376.359 265.353 35.4132
570 171.335 383.955 265.599 35.7973
571 169.722 379.669 265.356 35.9846
572 168.152 376.395 265.602 36.0792
573 172.952 378.736 266.013 35.9079
574 172.994 382.675 266.574 35.9773
575 175.59 377.781 265.905 35.9877
576 176.134 374.673 265.631 35.9177
577 171.991 376.049 266.251 36.1978
578 171.85 379.819 266.901 36.3527
579 170.371 376.983 266.48 36.2162
580 168.179 378.293 266.194 36.1737
581 168.372 383.828 266.35 36.472
582 172.248 376.377 266.65 35.6351
583 173.985 376.491 267.505 35.8184
584 170.54 377.238 266.999 35.4002
585 173.279 374.905 267.623 35.2321
586 175.142 384.844 268.69 36.0063
587 173.921 378.874 268.49 35.6636
588 174.821 380.378 268.405 35.6399
589 173.659 384.122 268.761 35.9748
590 169.725 381.624 268.498 35.7107
591 174.032 378.442 268.632 35.3422
592 176.938 375.323 268.586 35.3425
593 176.691 376.237 268.417 35.1897
594 176.917 378.008 268.852 35.8051
595 173.335 380.771 268.425 35.4097
596 173.511 386.471 268.834 35.6549
597 171.138 379.227 267.937 35.744
598 173.09 376.023 268.274 35.8753
599 171.315 381.591 267.932 35.7237
600 173.976 382.377 268.433 35.4479
601 174.19 373.274 268.753 35.7072
602 172.15 376.195 268.788 36.2339
603 171.439 375.779 268.516 36.2489
604 172.516 379.675 268.141 36.4433
605 171.465 374.471 268.777 35.8279
606 170.88 375.484 268.443 35.3919
607 174.664 378.186 268.849 36.0195
608 172.643 374.175 268.675 35.5863
609 175.023 379.841 269.343 35.7554
610 172.004 376.491 269.187 35.6283
611 173.871 373.945 268.441 35.7003
612 172.349 375.794 268.033 35.6296
613 175.191 375.84 268.899 35.6692
614 177.878 388.277 269.027 35.9792
615 176.567 375.152 268.557 35.7006
616 173.499 377.079 268.816 35.5059
617 173.17 378.844 269.341 35.96
618 173.75 378.741 269.176 35.6598
619 174.66 385.842 270.043 35.9096
620 174.006 376.161 269.78 35.3443
621 171.169 377.894 269.177 35.9076
622 171.358 385.43 269.285 35.9606
623 174.382 385.443 269.334 36.1393
624 171.71 382.55 269.247 35.8375
625 173.389 378.178 269.332 35.622
626 172.646 377.037 269.504 35.7024
627 174.934 377.866 269.035 35.6338
628 172.637 379.67 268.839 35.583
629 176.876 380.629 269.205 35.2744
630 174.367 383.762 269.353 35.6284
631 172.389 375.782 269.415 36.0693
632 172.615 378.944 269.491 35.8725
633 171.759 386.435 269.488 36.4241
634 175.803 379.531 268.823 35.9592
635 174.958 378.962 267.914 35.5658
636 173.184 376.97 267.366 35.9333
637 177.89 373.999 268.241 35.3977
638 177.292 376.868 268.992 35.5829
639 172.631 378.888 268.92 35.2699
640 173.842 377.85 268.75 35.6269
641 171.378 376.397 269.805 35.9522
642 175.107 380.396 269.655 36.1786
643 172.312 377.487 269.19 35.8904
644 173.168 377.787 268.409 35.5587
645 172.539 383.41 268.014 36.0373
646 172.209 380.358 268.2 35.8588
647 171.384 375.704 268.846 35.569
648 171.185 375.133 268.897 36.2059
649 169.873 379.813 268.764 36.4939
650 165.256 380.575 268.524 36.8077
651 171.359 379.666 268.488 35.9947
652 168.458 385.624 268.674 36.1618
653 166.701 378.556 268.847 36.1467
654 169.656 378.693 268.753 35.9106
655 169.91 385.577 268.991 36.8601
656 170.114 383.874 268.199 36.6344
657 172.056 379.129 267.937 36.1931
658 172.233 378.817 267.58 35.6026
659 170.344 376.468 267.642 35.5303
660 169.948 383.205 267.448 36.2795
661 168.808 372.727 266.979 35.8918
662 169.878 377.073 267.581 35.7744
663 165.993 375.22 267.046 35.6048
664 172.147 380.877 267.809 35.4186
665 171.061 383.47 267.952 35.4901
666 169.957 379.919 268.137 35.7485
667 173.329 377.794 267.894 35.6503
668 174.204 380.585 268.212 35.6458
669 173.349 380.071 267.765 35.6317
670 172.955 376.346 268.004 35.7668
671 171.343 376.624 267.967 35.7794
672 173.584 374.98 268.452 35.5654
673 174.039 381.781 268.408 35.6365
674 173.666 380.121 268.263 36.0069
675 171.749 379.512 267.998 35.8073
676 171.301 384.142 266.942 35.8245
677 170.337 376.197 267.49 36.1541
678 172.545 376.945 267.823 36.0258
679 173.048 377.698 267.157 35.7658
680 175.341 378.549 267.496 35.412
681 171.611 384.337 268.001 35.6946
682 169.695 378.854 268.786 35.9518
683 172.793 382.403 269.277 35.6762
684 172.028 377.366 269.761 35.1985
685 174.141 387.439 270.53 35.4493
686 173.362 377.179 270.678 35.5288
687 172.645 382.779 270.481 36.0027
688 173.326 384.815 270.519 36.5478
689 172.75 385.396 270.637 36.6096
690 173.387 382.21 270.395 36.5515
691 172.34 377.786 269.953 36.281
692 171.489 374.357 269.86 36.1734
693 170.095 380.193 270.669 35.849
694 174.52 383.047 270.242 35.7665
695 172.387 380.735 270.06 35.845
696 173.832 381.637 270.179 35.8644
697 175.237 384.751 270.171 35.6289
698 168.854 372.042 270.1 35.3438
699 174.906 384.284 271.09 36.2302
700 175.316 379.21 270.819 35.7084
701 173.831 377.148 271.115 36.3321
702 175.92 382.356 270.798 36.1502
703 178.409 380.531 270.601 35.3186
704 174.794 374.136 270.723 35.6268
705 177.484 377.99 270.073 35.562
706 172.184 385.192 269.824 35.9011
707 172.995 385.481 270.242 35.9546
708 174.743 380.208 270.141 35.8297
709 172.496 382.195 270.178 35.7987
710 174.321 377.087 270.212 35.825
711 171.727 381.954 270.198 36.0373
712 168.426 383.159 269.662 35.9803
713 171.19 385.587 270.234 36.7287
714 175.846 376.384 270.275 35.7011
715 173.945 380.945 270.789 35.9536
716 175.064 386.163 270.739 35.9448
717 176.004 384.617 270.627 36.4322
718 173.163 381.249 270.499 35.977
719 172.766 382.853 270.133 36.4114
720 168.911 381.271 269.436 36.2203
721 174.377 377.552 269.686 35.8481
722 173.181 379.258 269.58 36.0017
723 174.572 380.077 269.738 35.7397
724 173.856 384.425 270.079 36.0628
725 175.644 387.617 269.827 36.1792
726 172.347 377.875 269.722 36.0311
727 170.756 382.335 269.319 36.3766
728 172.554 380.407 268.933 35.8083
729 172.706 378.351 269.214 35.7616
730 177.08 379.07 268.516 35.752
731 178.322 383.17 269.17 35.9859
732 172.361 376.62 268.63 35.6836
733 172.126 377.285 268.411 35.1918
734 169.04 380.925 268.846 36.1939
735 172.73 381.797 268.181 36.0985
736 177.676 376.061 268.372 35.6535
737 174.767 381.217 268.804 35.5807
738 169.452 379.138 268.424 35.6058
739 175.316 379.542 268.854 35.823
740 174.272 377.416 268.55 35.4486
741 176.011 376.012 269.959 35.9722
742 171.043 379.904 269.614 36.1824
743 170.942 383.061 269.499 36.1237
744 172.137 379.884 269.977 35.9146
745 170.912 384.381 269.705 36.3139
746 173.481 382.426 269.445 36.2282
747 174.357 382.451 270.306 36.3777
748 168.856 379.702 269.629 36.1338
749 172.951 376.26 269.512 35.697
750 170.581 378.98 269.306 35.8504
751 173.019 385.542 269.379 35.9353
752 172.421 384.162 269.415 36.3528
753 171.419 378.516 268.611 35.8203
754 169.819 372.978 267.714 36.1627
755 166.014 379.236 267.573 35.8548
756 165.479 380.789 267.47 36.404
757 171.731 380.226 267.071 36.4126
758 169.65 380.13 266.794 36.1536
759 168.794 385.532 266.651 36.1867
760 174.261 379.018 266.598 35.9737
761 171.23 373.618 266.516 35.7792
762 170.081 366.188 266.654 35.7524
763 169.179 384.828 267.046 36.4971
764 168.309 380.754 267.185 36.4698
765 171.538 374.204 266.808 36.2169
766 170.855 382.044 266.894 36.1055
767 171.284 378.421 267.01 36.2121
768 169.532 378.001 266.912 36.1717
769 173.203 377.098 266.249 35.5831
770 170.513 377.587 266.968 35.0739
771 170.152 372.786 267.006 35.2942
772 169.905 378.512 267.675 35.5974
773 173.087 380.718 268.163 35.457
774 177.989 384.343 268.918 35.2644
775 179.432 381.061 269.778 35.3659
776 178.865 380.565 269.553 34.9752
777 176.612 380.074 270.554 35.0005
778 175.556 381.875 270.598 35.4684
779 173.158 383.959 270.776 35.6333
780 174.117 375.335 270.906 36.4805
781 177.38 379.326 270.413 36.1138
782 173.115 377.548 270.226 35.7184
783 172.724 379.377 269.841 36.2599
784 178.393 379.037 270.142 35.9886
785 176.816 380.283 269.291 36.25
786 174.944 380.143 268.929 36.1405
787 174.631 378.345 268.618 36.0789
788 179.599 373.988 268.29 35.4502
789 176.819 385.667 269.06 35.5776
790 172.317 376.297 269.193 35.2769
791 176.27 386.236 269.599 35.1676
792 177.748 379.627 269.87 34.9111
793 178.253 373.533 270.395 34.8494
794 176.597 381.343 270.022 35.5408
795 174.116 383.928 269.226 35.3488
796 175.499 378.254 269.451 35.2382
797 177.319 376.674 269.736 36.2187
798 171.264 387.537 268.432 36.4984
799 171.97 374.515 267.615 35.9908
800 170.951 376.857 267.356 35.7521
801 171.292 381.574 267.575 35.6068
802 170.901 379.571 267.58 35.1492
803 168.224 383.902 268.294 35.4624
804 173.756 377.238 267.921 35.8052
805 172.651 377.223 267.58 35.7385
806 173.358 378.072 268.208 36.0915
807 175.003 376.027 268.242 35.4233
808 173.942 383.239 268.325 35.6476
809 173.896 383.141 268.224 35.816
810 172.028 373.859 267.792 35.5398
811 171.439 383 268.318 36.0428
812 173.869 376.592 267.804 35.7672
813 177.415 377.959 267.816 35.5395
814 178.071 378.669 268.818 35.4312
815 177.598 374.316 268.944 35.6375
816 176.026 382.737 268.907 36.4661
817 176.261 381.901 267.913 36.3717
818 172.081 376.879 268.027 36.2261
819 169.874 374.962 267.681 36.1329
820 168.226 381.736 267.129 35.5261
821 168.227 377.792 267.62 35.7857
822 171.487 381.237 267.649 36.5703
823 169.645 383.372 267.299 36.4919
824 172.629 379.476 267.441 36.032
825 170.613 383.629 267.15 36.1037
826 169.897 382.216 267.346 36.1971
827 172.03 382.06 266.743 36.3091
828 166.203 371.392 266.421 35.6458
829 171.271 379.836 266.574 35.7912
830 169.546 377.848 266.797 35.7584
831 170.782 383.263 266.771 35.9573
832 171.7 381.608 267.046 35.2838
833 169.974 378 267.692 35.8047
834 171.64 383.534 268.164 35.6982
835 171.951 375.666 267.633 35.4919
836 172.538 375.977 267.702 34.9452
837 169.177 376.633 268.21 35.6626
838 168.77 375.996 268.138 35.5193
839 172.608 380.36 268.173 35.9265
840 171.065 376.978 268.492 35.6938
841 171.341 376.874 268.171 35.8775
842 170.59 373.427 268.67 35.4927
843 171.082 377.731 268.206 35.4342
844 171.386 376.45 268.464 35.7892
845 171.334 381.868 268.775 35.6698
846 169.584 380.533 269.07 35.5278
847 177.108 375.844 269.631 35.3858
848 173.735 384.025 269.703 35.7432
849 174.672 381.667 268.844 35.6433
850 175.842 378.735 269.444 36.0788
851 174.517 385.537 269.066 36.2455
852 172.071 380.514 268.479 35.8666
853 170.988 380.022 268.459 36.1486
854 168.042 384.538 267.098 36.244
855 170.946 385.326 266.873 36.0692
856 171.451 375.298 267.374 35.6653
857 171.617 375.492 267.6 35.916
858 166.872 375.4 267.904 36.1097
859 169.168 379.623 268.024 36.2657
860 170.247 378.176 266.828 36.2851
861 171.533 382.154 267.141 35.8452
862 174.078 373.576 267.285 35.2524
863 175.179 377.183 267.635 35.6133
864 175.07 377.242 268.228 35.2362
865 176.598 381.075 268.836 35.9488
866 173.399 383.934 268.658 35.8833
867 172.747 387.189 269.118 35.6293
868 174.746 384.989 269.159 36.504
869 172.568 386.68 268.888 36.699
870 171.534 379.71 267.609 36.2194
871 173.522 382.03 267.593 36.1526
872 173.395 383.147 267.474 36.0868
873 173.804 377.677 267.834 35.9362
874 173.183 383.999 268.429 36.0472
875 174.227 380.437 267.958 35.6164
876 173.325 375.769 267.914 35.628
877 175.895 375.036 267.215 35.2782
878 169.836 378.682 267.379 35.7348
879 168.623 379.661 267.709 35.8616
880 172.144 381.928 267.929 36.0734
881 170.024 386.581 267.996 36.8061
882 171.908 381.882 267.191 35.8093
883 172.338 374.842 267.648 35.5659
884 171.024 380.245 267.048 35.6374
885 170.761 373.984 267.928 36.1366
886 172.319 378.426 267.299 35.5678
887 171.227 376.2 266.711 35.5853
888 173.033 376.442 266.877 35.9483
889 170.935 377.677 266.951 35.8401
890 171.398 371.49 266.752 35.7665
891 170.191 381.514 266.498 36.2063
892 169.28 375.592 266.169 36.0426
893 172.516 377.778 265.34 35.636
894 174.507 376.04 265.5 35.3243
895 170.976 370.449 266.717 35.7088
896 171.217 384.302 267.157 35.5206
897 171.54 375.592 266.979 35.6976
898 173.593 377.77 267.276 35.4476
899 169.207 375.391 267.407 35.8838
900 174.604 374.068 267.024 35.7265
901 173.654 376.675 267.045 35.4607
902 177.391 381.316 268.234 35.5899
903 177.033 378.509 268.322 35.3151
904 174 375.117 268.415 35.2412
905 173.12 377.848 267.971 35.5848
906 173.79 380.742 268.444 35.5045
907 175.079 379.322 269.13 35.6418
908 171.511 386.646 269.141 35.8016
909 176.083 380.776 269.931 35.5965
910 177.165 379.777 270.849 36.3207
911 173.043 381.325 270.559 36.2268
912 169.785 382.677 270.192 36.2477
913 172.732 381.79 270.77 35.962
914 174.672 379.511 271.248 35.7055
915 170.725 384.696 271.122 36.7289
916 171.417 379.633 270.564 36.1168
917 176.354 378.83 270.683 36.3354
918 174.848 379.957 270.702 36.4359
919 178.149 381.101 270.659 36.0156
920 176.964 384.315 270.491 36.1775
921 173.873 381.578 270.631 36.2782
922 176.408 380.479 270.578 36.0642
923 177.358 383.346 270.959 35.7596
924 175.965 376.991 270.747 35.8878
925 172.062 384.071 270.393 36.2137
926 177.66 383.182 270.091 35.5939
927 173.012 378.085 270.121 34.9974
928 172.009 380.414 271.233 35.6722
929 172.946 375.541 270.876 35.4571
930 171.773 383.46 271.067 35.8697
931 176.928 382.269 270.568 35.7398
932 175.485 381.359 270.379 35.4323
933 171.532 380.364 271.055 36.0089
934 174.979 386.244 270.562 35.9071
935 176.605 382.393 269.68 35.9992
936 175.643 383.827 269.807 35.5164
937 174.511 384.712 269.535 35.6041
938 173.771 386.485 270.187 36.2448
939 173.57 383.136 269.941 36.214
940 174.423 382.897 270.34 36.0085
941 171.174 382.432 269.737 36.3359
942 171.254 383.723 269.132 36.4435
943 172.154 379.886 268.806 36.2512
944 172.375 379.13 268.079 35.507
945 168.765 376.522 267.026 36.1581
946 169.242 377.042 266.773 35.7837
947 165.455 373.699 265.877 35.6437
948 170.116 379.241 265.929 35.6764
949 168.471 377.14 265.239 36.1204
950 169.804 374.861 264.769 35.6374
951 166.318 374.176 264.644 35.6685
952 166.831 370.056 264.605 35.9522
953 169.605 376.474 264.485 36.4577
954 169.331 373.789 263.781 36.2928
955 163.578 373.531 263.482 35.9415
956 168.182 376.496 263.686 35.6024
957 169.381 369.434 264.375 35.3274
958 172.535 376.291 264.089 35.3163
959 171.706 373.846 264.239 35.1742
960 170.338 376.816 264.718 35.3748
961 170.078 378.095 265.245 35.3521
962 170.45 374.22 265.203 35.5675
963 169.831 375.46 265.078 35.7756
964 168.776 373.842 264.896 35.8334
965 164.36 374.062 264.999 36.2696
966 166.601 379.542 265.107 36.5293
967 162.669 379.735 265.007 36.4925
968 160.384 381.742 264.827 36.5111
969 162.093 376.451 264.232 36.008
970 165.005 371.968 264.287 36.1061
971 166.025 375.843 264.269 36.6303
972 168.203 372.246 264.411 36.0007
973 164.773 377.186 264.16 36.6848
974 167.75 376.151 263.98 36.3988
975 166.831 373.09 262.928 35.6783
976 166.98 372.133 262.741 35.7397
977 165.61 373.165 262.708 36.2625
978 161.571 373.721 262.56 36.6706
979 159.599 373.581 262.908 36.4117
980 166.776 375.436 263.269 36.1352
981 172.811 370.057 264.01 36.0631
982 166.383 370.238 263.842 35.5897
983 171.78 377.866 264.064 35.4254
984 172.626 370.28 264.577 35.0574
985 167.063 377.549 264.978 36.2089
986 165.341 371.004 264.662 35.7718
987 169.677 376.281 265.157 35.9557
988 171.401 379.916 264.831 35.7609
989 166.232 377.926 264.419 36.7258
990 166.945 376.263 263.515 35.977
991 170.802 376.945 263.568 35.6809
992 171.126 370.005 263.839 35.8383
993 172.659 377.964 264.05 35.6761
994 170.546 379.697 264.744 35.6702
995 169.169 371.564 265.359 36.0534
996 171.102 376.791 264.887 35.6592
997 171.257 379.98 265.128 35.7079
998 165.511 369.022 257.109 36.3299
999 136.394 301.312 211.342 36.1435
